638694 936696
18563 308182
50328 569584
502849 479758
887872 456980
38477 925220
796702 905042
974793 620079
877938 555597
893969 118567
262501 60117
275457 937335
776662 612744
230003 647969
412679 563660
543716 925522
759867 895392
70546 435143
594552 586165
807176 802446
693295 506401
143223 844118
562838 149369
899215 38517
295348 505614
848416 63187
907610 174060
680929 232495
540038 450329
883986 312063
514638 245
744330 792269
323298 867565
679503 605564
833836 554909
857313 101796
599775 110419
588853 467535
245966 61555
30472 558068
493894 791306
308552 960417
871894 254127
830799 961656
950864 955647
872152 568349
404418 395861
431977 668891
690801 428779
391433 785958
375243 929425
469283 53031
791458 231860
613256 790277
336661 376362
518882 429697
355664 696600
383357 330177
557682 800481
236975 768
651541 190118
671025 295948
499216 285279
598773 491031
320068 790939
558321 649740
969039 540609
856373 757145
884381 8116
994884 435658
372086 310325
125687 87241
716587 787510
173218 944009
974591 796341
533577 247891
465405 831750
791244 2015
152337 853724
145638 689827
186032 438659
164101 113719
85327 648847
129405 723036
694002 42778
344174 318847
785394 516438
544904 405635
904432 210078
94396 136825
48648 470859
169359 224543
520906 285528
944437 654012
304247 324576
581717 419911
164120 503101
934358 954537
351788 748603
734892 621015
980401 274696
382616 251402
723272 388107
694853 553942
996546 290462
289169 224730
38254 236617
677060 143531
67340 177272
898450 463739
678935 43940
24944 605829
195453 260545
557920 328172
710855 833034
912227 866335
176501 229280
816658 741770
48592 132491
987300 190417
233684 569853
615480 985031
712711 594507
120795 2240
422344 754003
367487 792914
779714 444418
480344 479348
478916 531363
795564 221019
577331 171001
991667 660548
549534 489577
216728 164676
798490 297953
869102 34227
137222 185744
214089 256645
64710 694685
648256 127996
906327 872002
999616 877736
423257 660674
596889 193855
641665 356871
946998 4455
284862 691371
583442 807445
343040 284946
57275 457465
176702 312434
99802 888340
690592 250518
501092 801100
2031 72166
754346 923782
793408 702082
26996 993055
598417 278150
762886 106731
487947 996616
258220 127311
570583 549536
931561 122585
313795 506412
625113 398746
861289 668046
989974 585438
351380 555690
727928 514310
311181 98107
715761 572333
210374 179970
816535 268997
772355 742001
698639 620828
894897 987660
275012 397735
185069 699110
9021 174386
754986 280075
545607 127550
947673 207164
126584 79835
940848 873125
144947 805573
672802 359200
33535 215420
431610 226833
962633 85285
563572 704091
65645 166614
508556 930161
679739 376282
733172 805932
60643 780960
626434 516289
224121 59498
117992 261726
811376 964007
